564230
564405
560938
564229
560500
560002
557606
558796
557304
556170
554122
550094
549719
549347
546276
546054
546055
543119
538412
534873
532860
528753
525980
525401
523306
521077
521078
514848
514730
511497
506442
502774
502124
502123
500070
501081
500753
500050
498654
498235
497730
497731
494956
495606
486913
493138
490186
489532
488219
485887
485830
484203
477583
477195
476085
472573
471587
469003
468428
467915
464383
462795
459210
458689
457844
457327
456832
455010
449769
450383
446037
445499
443302
440664
435116
435117
433986
433217
432935
429456
426811
425690
425691
423482
423155
419141
415697
415688
412843
413885
411092
410635
408443
405111
403711
401568
401569
398717
398268
396250
394306
394301
393716
393281
389832
387514
385888
385887
385880
385879
382759
382760
379841
379840
381152
379309
379310
377702
377142
377130
376087
374023
373094
370552
368306
367752
367569
362293